NACL, .0394014 ,-4.460192E-04 , .0391115 ,-1.049619E-03 
NA2SO4, .12244 ,-5.397438E-03 , .12273 ,-8.39821E-03 
NANO3, .05434 ,-.0005 , .05328 ,-.00165 
NAHCO3, .052822 , 2.813625E-03 , .0528094 , .0012075 
NA2CO3, .1038787 ,-4.75329E-03 , .1043371 ,-5.886598E-03 
KCL, .0451107 ,-4.645119E-04 , .0447416 ,-1.517948E-03 
K2SO4, .1303877 ,-6.252888E-04 , .1303346 ,-6.132351E-03 
KNO3, .05964 ,-.00023 , .05939 ,-.00234 
KHCO3, .0616179 ,-5.215224E-04 , .0612197 ,-2.471274E-03 
K2CO3, .1151592 ,-3.305572E-03 , .1131522 ,-5.414619E-03 
LICL, .0227234 ,-1.505857E-04 , .0222851 ,-4.517486E-04 
LI2SO4, 0 , 0 , 0 , 0 
LINO3, 0 , 0 , 0 , 0 
LIHCO3, 0 , 0 , 0 , 0 
LI2CO3, 0 , 0 , 0 , 0 
CACL2, .0873172 ,-1.719523E-03 , .0864581 ,-3.426431E-03 
CASO4, 0 , 0 , 0 , 0 
CA(NO3)2, 0 , 0 , 0 , 0 
CA(HCO3)2, 0 , 0 , 0 , 0 
CACO3, 0 , 0 , 0 , 0 
MGCL2, .074585 ,-.00146 , .0743312 ,-2.87548E-03 
MGSO4, .1160609 ,-3.670265E-03 , .1169631 ,-5.311883E-03 
MG(NO3)2, 0 , 0 , 0 , 0 
MG(HCO3)2, 0 , 0 , 0 , 0 
MGCO3, 0 , 0 , 0 , 0 
