           7 ,           7 ,          50
NA,-114.5129,116.0332,-41.93188,13.31543,-2.545897                                                                                                                                                                                                              
K,-123.3097,122.3875,-43.943,13.95714,-2.669814                                                                                                                                                                                                                 
LI,-128.3,134.4299,-49.03939,15.56415,-2.972898                                                                                                                                                                                                                 
CA,-243.3034,261.6893,-93.67406,29.73271,-5.680202                                                                                                                                                                                                              
MG,-200.6633,225.1438,-81.35097,25.82542,-4.93533                                                                                                                                                                                                               
H,0,0,0,0,0                                                                                                                                                                                                                                                     
B(OH)3,-424.84,445.1605,-158.8035,48.64635,-8.963373                                                                                                                                                                                                            
CL,-59.1143,79.93872,-26.0801,8.281132,-1.583255                                                                                                                                                                                                                
SO4,-336.3485,469.5434,-164.3985,52.20592,-9.982903                                                                                                                                                                                                             
HCO3,-262.3274,334.3884,-118.8736,37.75087,-7.219248                                                                                                                                                                                                            
CO3,-237.8999,324.8008,-109.6023,34.80251,-6.653819                                                                                                                                                                                                             
OH,-71.89828,110.0314,-36.65862,11.63897,-2.224799                                                                                                                                                                                                              
H4SIO4,-571.94,564.3604,-125.1228,-12.47451,8.956964                                                                                                                                                                                                            
NO3,-52.62141,99.34093,-33.02359,10.48398,-2.003722                                                                                                                                                                                                             
H2O,-106.2395,138.5778,-50.47919,16.0254,-3.062506                                                                                                                                                                                                              
AM.SILICA,2,1,H4SIO4,-2,H2O,-366.349,298.733,-37.246,-33.872,11.488                                                                                                                                                                                             
ANHYDRITE,2,1,CA,1,SO4,-589.1616,726.5569,-266.2185,88.1953,-17.87108                                                                                                                                                                                           
BISCHOFITE,3,1,MG,2,CL,6,H2O,-945.7138,1213.497,-441.3701,140.0281,-26.48344                                                                                                                                                                                    
BLOEDITE,4,2,NA,1,MG,2,SO4,4,H2O,-1532.249,1946.764,-704.9155,220.6149,-40.04002                                                                                                                                                                                
BORAX,4,2,NA,4,B(OH)3,2,OH,3,H2O,-2436.031,2776.531,-1023.971,388.3653,-98.79303                                                                                                                                                                                
CALCITE,2,1,CA,1,CO3,-500.3378,585.889,-212.1992,65.25484,-10.85211                                                                                                                                                                                             
CA[NO3]2,2,1,CA,2,NO3,-334.5165,456.4148,-168.6806,54.97091,-10.42291                                                                                                                                                                                           
CARNALLITE,4,1,K,1,MG,3,CL,6,H2O,-1129.358,1428.209,-516.4481,160.7756,-29.25401                                                                                                                                                                                
DARAPSKITE,4,3,NA,1,SO4,1,NO3,1,H2O,-839.4631,1055.559,-373.6841,118.6422,-22.67778                                                                                                                                                                             
EPSOMITE,3,1,MG,1,SO4,7,H2O,-1285.27,1669.863,-608.4346,194.2357,-37.0803                                                                                                                                                                                       
GAYLUSSITE,4,2,NA,1,CA,2,CO3,5,H2O,-1501.823,1852.254,-678.1266,221.9707,-44.56638                                                                                                                                                                              
GLAUBERITE,3,2,NA,1,CA,2,SO4,-1156.839,1432.108,-516.9377,161.5285,-29.27159                                                                                                                                                                                    
GYPSUM,3,1,CA,1,SO4,2,H2O,-802.72,1010.45,-365.62,115.36,-21.44                                                                                                                                                                                                 
HALITE,2,1,NA,1,CL,-170.2194,199.4722,-72.43423,23.0722,-4.130124                                                                                                                                                                                               
HEXAHYDRITE,3,1,MG,1,SO4,6,H2O,-1178.11,1525.766,-552.0877,171.6169,-31.08799                                                                                                                                                                                   
KAINITE,5,1,K,1,MG,1,CL,1,SO4,3,H2O,-1038.24,1310.674,-477.3372,153.4431,-29.63377                                                                                                                                                                              
KALICINITE,2,1,K,1,HCO3,-387.0693,484.0117,-172.51,53.85099,-9.597193                                                                                                                                                                                           
KIESERITE,3,1,MG,1,SO4,1,H2O,-641.6786,810.8851,-296.3714,96.65513,-19.07665                                                                                                                                                                                    
LABILE.SALT,4,4,NA,1,CA,3,SO4,2,H2O,-1936.373,2422.866,-882.9402,286.005,-55.60946                                                                                                                                                                              
LEONHARDTITE,3,1,MG,1,SO4,4,H2O,-963.1809,1239.662,-450.219,141.9272,-26.291                                                                                                                                                                                    
LEONITE,4,2,K,1,MG,2,SO4,4,H2O,-1554.609,1973.658,-719.1603,231.4691,-44.70334                                                                                                                                                                                  
LI2CO3,2,2,LI,1,CO3,-501.6588,588.6676,-212.704,68.42587,-13.47857                                                                                                                                                                                              
LICL.H2O,3,1,LI,1,CL,1,H2O,-281.2175,344.7049,-123.7864,38.87278,-7.396266                                                                                                                                                                                      
LINO3.3H2O,3,1,LI,1,NO3,3,H2O,-504.876,649.5058,-233.507,74.13431,-14.16897                                                                                                                                                                                     
LIKSO4,3,1,K,1,LI,1,SO4,-591.2003,726.3621,-257.3866,81.73607,-15.62987                                                                                                                                                                                         
LI2SO4.H2O,3,2,LI,1,SO4,1,H2O,-698.6401,876.9794,-312.9441,99.3389,-18.98107                                                                                                                                                                                    
MG[NO3]2,2,1,MG,2,NO3,-266.9924,384.7276,-141.9641,44.5837,-7.469782                                                                                                                                                                                            
MG.SILICATE,4,2,MG,-4,H,3,H4SIO4,-.5,H2O,-2016.133,2017.672,-516.9954,46.7666,-3.585935                                                                                                                                                                         
MIRABILITE,3,2,NA,1,SO4,10,H2O,-1633.756,2130.06,-773.7501,244.9103,-46.14072                                                                                                                                                                                   
NAHCOLITE,2,1,NA,1,HCO3,-378.3744,453.8629,-130.7365,0,0                                                                                                                                                                                                        
NATRON,3,2,NA,1,CO3,10,H2O,-1532.9966,1951.0811,-566.6748,0,0                                                                                                                                                                                                   
NATRONITRE,2,1,NA,1,NO3,-165.6307,227.8954,-83.9347,27.0403,-4.991223                                                                                                                                                                                           
NITRE,2,1,K,1,NO3,-177.6074,241.4085,-89.17365,29.19117,-5.630032                                                                                                                                                                                               
NITROCALCITE,3,1,CA,2,NO3,4,H2O,-770.2782,1036.473,-380.2647,122.6777,-23.55467                                                                                                                                                                                 
NITROMAGNESITE,3,1,MG,2,NO3,6,H2O,-936.3938,1271.989,-465.9012,149.5122,-28.49998                                                                                                                                                                               
NORTHUPITE,4,3,NA,1,MG,1,CL,2,CO3,-1089.455,1302.785,-452.4384,143.6698,-27.46983                                                                                                                                                                               
PENTAHYDRITE,3,1,MG,1,SO4,5,H2O,-1070.719,1382.83,-500.9861,156.6621,-28.74607                                                                                                                                                                                  
PENTASALT,4,2,K,5,CA,6,SO4,1,H2O,-3642.614,4511.5,-1688.248,588.317,-121.727                                                                                                                                                                                    
PIRSSONITE,4,2,NA,1,CA,2,CO3,2,H2O,-1181.792,1424.658,-521.7352,171.2711,-34.61918                                                                                                                                                                              
POLYHALITE,5,2,K,2,CA,1,MG,4,SO4,2,H2O,-2522.617,3154.391,-1190.23,438.851,-104.5488                                                                                                                                                                            
PORTLANDITE,2,1,CA,2,OH,-398.5438,477.1927,-174.5439,59.64297,-13.07766                                                                                                                                                                                         
SCHOENITE,4,2,K,1,MG,2,SO4,6,H2O,-1768.538,2258.967,-821.335,261.3427,-49.37106                                                                                                                                                                                 
SYLVITE,2,1,K,1,CL,-181.0586,212.4459,-77.2289,24.99906,-4.767605                                                                                                                                                                                               
SYNGENITE,4,2,K,1,CA,2,SO4,1,H2O,-1287.165,1602.759,-581.7983,185.0954,-34.79002                                                                                                                                                                                
TACHYHYDRITE,4,1,CA,2,MG,6,CL,12,H2O,-2231.361,2822.085,-1019.108,312.3839,-54.46103                                                                                                                                                                            
TEEPLEITE,4,2,NA,1,B(OH)3,1,CL,1,OH,-792.1545,867.1968,-305.4064,95.20019,-17.86522                                                                                                                                                                             
THENARDITE,2,2,NA,1,SO4,-566.1204,704.2582,-255.5869,81.78853,-15.51909                                                                                                                                                                                         
THERMONATRITE,3,2,NA,1,CO3,1,H2O,-571.5972,691.8105,-252.34,81.43069,-15.68947                                                                                                                                                                                  
TRONA,4,3,NA,1,HCO3,1,CO3,2,H2O,-1058.6691,1279.9612,-370.7072,0,0                                                                                                                                                                                              
ULEXITE,5,1,NA,1,CA,5,B(OH)3,3,OH,-1,H2O,-2661.079,2917.315,-1079.707,307.4794,-58.18355                                                                                                                                                                        
